99 290.356 0 -43.0098 -5.168
98 246.973 0 329.479 -9.124
97 221.256 0 0.0916502 -11.284
96 255.768 0 -224.844 2.54
95 195 0 177.5 0
94 135 0 -107.494 0
93 105 0 -273.223 0
92 105 0 269.32 0
91 105 0 90 0
90 105 0 -90.0001 0
89 167.42 0 -160.552 -2.644
88 105 0 270 0
87 117.091 0 95.8801 10.316
86 194.904 0 -159.229 -2.644
85 248.395 0 395.48 -4.372
84 243.374 0 103.836 9.452
83 225 0 -84.2455 0
82 166.046 0 332.308 -7.828
81 183.974 0 131.345 -5.236
80 144.576 0 -174.705 10.316
79 135 0 352.767 0
78 154.794 0 122.969 -4.32
77 165 0 -86.2853 0
76 105.011 0 532.043 -15
75 190.577 0 199.734 -2.808
74 195 0 -90.2349 0
73 261.575 0 329.405 -8.408
72 135 0 -16.749 0
71 115.136 0 528.439 -15
70 193.979 0 189.208 -1.296
69 195 0 26.0407 0
68 135 0 -288.711 0
67 105 0 90.0021 0
66 195 0 0.0112015 0
65 195 0 20.0782 0
64 285 1 -0.0537361 0
63 251.51 1 -36.0606 6.588
62 195 1 3.50204 0
61 228.444 1 9.77507 1.376
60 375 1 -18.5084 0
59 112.186 1 -8.50293 2.46
58 176.104 1 47.6562 -6.4
57 375 1 -7.39589 0
56 131.275 1 -22.9586 4.524
55 105 1 2.47572 0
54 269.704 1 43.6603 -6.4
53 231.058 1 -49.8651 8
52 105 1 0.0159984 0
51 105 1 28.6764 0
50 251.98 1 7.61589 -0.143
49 316.892 0 317.236 4.984
47 285 0 -270.974 0
46 334.316 0 196.79 7.144
45 105 0 -90.0001 0
44 105 0 -272.692 0
43 105 0 269.99 0
42 347.957 0 10.0397 4.984
41 298.776 0 408.194 -6.1
40 248.395 0 106.882 -4.372
39 208.776 0 498.462 -6.1
38 165 0 348.523 0
37 251.792 0 10.8315 -2.376
36 275.276 0 417.134 -6.68
35 210.614 0 186.922 -12.148
34 235.315 0 -22.2543 -6.964
33 192.829 0 368.26 -3.94
32 136.046 0 63.5469 -7.828
31 105 0 -259.337 0
30 184.794 0 213.249 -4.32
29 196.423 0 -25.571 3.188
28 281.572 0 356.749 12.328
27 165 0 22.3159 0
26 219.627 0 548.786 -14.456
25 219.324 0 202.631 4.916
24 185.702 0 -138.265 5.132
23 230.692 0 321.269 1.244
22 165 0 0.0611022 0
21 283.262 0 -196.823 4.052
20 259.816 0 194.749 3.688
19 188.515 0 -110.778 -8.692
18 195.768 0 339.231 2.54
17 219.57 0 174.807 -5.6
16 156.973 0 -39.9977 -9.124
15 105 0 360 0
14 105 0 180 0
13 129.997 0 16.6651 9.02
12 158.218 0 407.14 5.132
11 105 0 179.868 0
10 163.19 0 -117.696 3.404
9 260.083 0 358.673 1.676
8 194.125 0 36.1556 3.836
7 105 0 -182.213 0
6 235.199 0 231.923 -1.496
5 105.465 0 84.1565 -10.584
4 166.992 0 -166.154 -1.78
3 120.206 0 436.145 -9.556
2 206.043 0 190.385 -7.544
1 105 0 0 0
0 105 0 0 0