99 277.822 1 166.901 -2.152
98 230.845 1 1.41832 0.212
97 226.001 1 -3.20991 0.44
96 224.146 1 20.5934 -1.732
95 256.054 1 -2.21604 -0.796
94 250.827 1 -5.24055 -0.31
93 225 1 7.28227 0
92 254.238 1 -9.92646 0.652
91 255 1 -4.05398 0
90 230.545 1 13.0135 -1.196
89 240.417 1 -1.08531 -0.26
88 236.06 1 -7.56942 2.176
87 239.404 1 -2.74312 0.324
86 238.126 1 -0.984132 1.462
85 225.085 1 -2.71694 1.094
84 231.2 1 6.60591 -0.094
83 223.447 1 -2.94322 1.64
82 206.19 1 3.00275 -0.714
81 271.367 1 -11.1056 1.914
80 221.649 1 40.9643 -4.672
79 325.772 1 0.478489 -1.535
78 251.707 1 2.57025 0.555
77 237.843 1 -17.4044 3.154
76 212.005 1 -14.0442 0.788
75 163.877 1 -16.6748 1.294
74 139.474 1 2.82452 -0.892
73 176.71 1 34.3466 -2.08
72 313.901 1 -20.9926 2.358
71 206.269 1 -4.513 2.032
70 192.809 1 -7.0806 0.866
69 201.583 1 28.4916 -1.98
68 254.544 1 -4.24605 0.648
67 229.278 1 4.05093 -0.156
66 218.715 1 -3.76578 2.022
65 224.491 1 -6.20971 2.454
64 221.674 1 0.0665876 -0.316
63 216.198 1 5.48795 0.058
62 225.117 1 7.05114 -0.422
61 232.319 1 -7.90661 0.228
60 227.261 1 4.43217 -0.028
59 233.844 1 -0.801047 0.2
58 248.146 1 -20.8541 1.844
57 211.723 1 -12.5404 3.474
56 183.879 1 -6.15525 1.048
55 181.446 1 12.5024 -2.204
54 296.164 1 -0.134512 -0.56
53 206.337 1 -16.5228 3.818
52 198.808 1 8.74495 1.266
51 254.757 1 -3.59813 0.786
50 241.962 1 -1.38773 1.722
49 243.816 1 -3.96349 0.534
48 240.661 1 1.40285 -1.206
47 229.928 1 2.58961 -0.27
46 228.547 1 2.21151 0.51
45 228.531 1 -0.638092 -1.062
44 202.186 1 -8.30609 2.46
43 234.929 1 -10.8078 0.522
42 177.336 1 -25.1844 1.296
41 126.156 1 35.3921 -5.032
40 283.565 1 8.98411 -2.404
39 228.766 1 -20.779 4.114
38 211.566 1 4.53546 -0.064
37 236.311 1 17.2234 -2.236
36 240.717 1 -15.8702 2.822
35 225 1 -4.11976 0
34 165 1 0.068752 0
33 188.382 1 17.4849 -3.076
32 317.981 1 6.65112 -1.998
31 242.792 1 -43.2501 6.03
30 147.01 1 -0.660981 0.5
29 281.699 1 25.4406 -4.485
28 315 1 0.209061 0
27 316.721 1 0.0279352 0.29
26 271.106 1 -50.8122 6.352
25 105 1 0.00560818 0
24 105 1 7.40418 0
23 193.817 1 -1.25907 1.356
22 217.68 1 32.8256 -4.356
21 278.065 1 -10.2366 -0.588
20 190.088 1 4.25903 0.242
19 240.477 1 21.7262 -4.054
18 251.993 1 -17.0171 0.732
17 212.471 1 3.77085 -0.31
16 216.566 1 1.60049 -0.79
15 219.937 1 5.81088 -1.27
14 245.015 1 1.1512 0.65
13 244.814 1 -3.1568 -0.78
12 233.557 1 2.42251 -0.496
11 223.692 1 9.94576 -0.662
10 245.225 1 -4.19146 -1.142
9 112.186 1 -7.0659 2.46
8 225.762 1 19.512 -2.95
7 263.041 1 -10.2533 0.386
6 234.996 1 -5.26264 0.794
5 227.805 1 0.943508 -0.67
4 230.959 1 -6.12148 -0.442
3 105 1 9.27441 0
2 123.374 0 14.1088 9.452
1 105 1 -0.00226146 0
0 105 1 0 0
