99 248.126 1 123.941 -2.139
98 195 1 19.9464 0
97 242.933 1 -0.295559 -0.425
96 235.403 1 -8.68597 2.303
95 218.196 1 4.53452 -1.077
94 215.365 1 -2.56316 1.009
93 201.198 1 3.56159 -0.059
92 220.754 1 17.509 -0.575
91 254.675 1 -4.8717 0.601
90 244.212 1 -0.572991 -0.467
89 236.662 1 4.05824 0.147
88 231.615 1 -3.4752 -0.663
87 224.874 1 5.45231 -1.253
86 215.309 1 9.2391 -0.077
85 234.484 0 -172.407 7.292
84 198.638 0 207.683 7.724
83 183.974 0 -48.8898 -5.236
82 195 0 343.035 0
81 153.374 0 8.53249 9.452
80 168.638 0 383.987 7.724
79 105 0 179.998 0
78 105 0 1.32282 0
77 165 0 -295.577 0
76 168.801 0 204.564 -10.852
75 153.773 0 -153.268 -4.536
74 255 0 269.726 0
73 213.763 0 -39.7412 9.668
72 135 0 359.504 0
71 112.401 0 137.651 -6.48
70 105 0 -90.0001 0
69 164.904 0 -159.29 -2.644
68 165 0 246.228 0
67 223.911 0 -56.7112 8.588
66 136.046 0 332.308 -7.828
65 142.8 0 145.384 -6.964
64 166.992 0 -76.1577 -1.78
63 114.576 0 366.923 10.316
62 105 0 180.005 0
61 175.268 0 -43.3561 -6.048
60 198.302 0 358.016 -0.916
59 142.401 0 70.7582 10.748
58 135 0 -214.375 0
57 209 0 -348.865 0
56 255 0 189.567 0
55 315 0 -119.277 0
54 409.706 0 376.093 1.892
53 329.114 0 26.2254 6.644
52 225 0 -323.532 0
51 165 0 90.0847 0
50 308.218 0 -119.019 5.132
49 211.588 0 257.694 9.884
48 165 0 90 0
47 195 0 0 0
46 195 1 0.458118 0
45 212.317 1 -5.33407 -0.46
44 144.999 1 -29.7992 5.556
43 105 1 11.6788 0
42 275.362 1 26.4743 -2.664
41 317.458 1 -53.513 8
40 105 1 2.04514 0
39 274.024 1 43.3197 -6.4
38 227.306 1 -29.2885 5.442
37 202.683 1 15.2848 -0.134
36 226.307 1 -2.9306 1.474
35 235.36 1 -0.364692 0.682
34 226.061 1 1.21239 -0.296
33 239.903 1 4.93792 0.172
32 226.107 1 7.23923 -0.064
31 238.131 1 -2.14797 1.268
30 225.875 1 -1.32215 0.864
29 225 0 -360 0
28 225 0 -360 0
27 225 0 -359.993 0
26 346.423 0 143.916 3.188
25 251.978 0 -212.765 8.804
24 165 0 180.009 0
23 195 0 0.0626688 0
22 284.904 0 -249.23 -2.644
21 234.024 0 385.452 -14.74
20 288.638 0 27.6923 7.724
19 285 0 -90.04 0
18 321.154 0 -246.665 7.724
17 285 0 269.969 0
16 351.24 0 -15.3155 0.596
15 277.063 0 354.926 5.348
14 165 0 -1.54587e-05 0
13 165 0 -180 0
12 135 0 359.998 0
11 135 0 177.308 0
10 135 0 -0.0409988 0
9 168.302 0 456.923 -0.916
8 105 0 360 0
7 203.635 0 275.596 -10.42
6 183.988 0 -67.6901 -5.668
5 105 0 360 0
4 105 0 359.015 0
3 105 0 180 0
2 158.395 0 124.615 -4.372
1 105 0 0 0
0 105 0 0 0
